"nameWithOwner","url","createdAt","committedDate","commitCountAfterFork"
"GL-A/react-routing","https://github.com/GL-A/react-routing","2017-06-09T05:15:14Z","2017-07-07T04:23:51Z",1
"Vicki1/react-routing","https://github.com/Vicki1/react-routing","2017-06-18T02:51:09Z","2017-06-19T19:40:04Z",2
"Justiceleeg/react-routing","https://github.com/Justiceleeg/react-routing","2017-06-19T01:15:21Z","2017-06-19T20:33:09Z",1
"bluecherryme/react-routing","https://github.com/bluecherryme/react-routing","2017-06-19T14:35:06Z","2017-06-19T17:40:53Z",1
"jaygraygray/react-routing","https://github.com/jaygraygray/react-routing","2017-06-19T14:39:03Z","2017-05-30T15:42:17Z",0
"mitch-foster/react-routing","https://github.com/mitch-foster/react-routing","2017-06-19T14:57:19Z","2017-06-19T20:57:33Z",2
"gswensen/react-routing","https://github.com/gswensen/react-routing","2017-06-19T15:07:36Z","2017-05-30T15:42:17Z",0
"lpabst/react-routing","https://github.com/lpabst/react-routing","2017-06-19T15:15:06Z","2017-06-19T17:37:44Z",1
"actualchandler/react-routing","https://github.com/actualchandler/react-routing","2017-06-19T15:36:13Z","2017-06-19T18:00:02Z",1
"adamfigg/react-routing","https://github.com/adamfigg/react-routing","2017-06-19T15:57:43Z","2017-05-30T15:42:17Z",0
"chrnzhng/react-routing","https://github.com/chrnzhng/react-routing","2017-06-19T15:58:31Z","2017-06-19T20:25:19Z",1
"TBosh/react-routing","https://github.com/TBosh/react-routing","2017-06-19T15:59:24Z","2017-05-30T15:42:17Z",0
"rustonrr/react-routing","https://github.com/rustonrr/react-routing","2017-06-19T16:00:41Z","2017-06-19T20:45:28Z",1
"eliKeetch/react-routing","https://github.com/eliKeetch/react-routing","2017-06-19T16:02:48Z","2017-06-19T19:52:31Z",1
"davidtagholmes/react-routing","https://github.com/davidtagholmes/react-routing","2017-06-19T16:03:37Z","2017-05-30T15:42:17Z",0
"jordanfuzz/react-routing","https://github.com/jordanfuzz/react-routing","2017-06-19T16:03:41Z","2017-06-19T20:01:49Z",1
"Alan-Miller/react-routing","https://github.com/Alan-Miller/react-routing","2017-06-19T16:05:37Z","2017-05-30T15:42:17Z",0
"briandinhtran/react-routing","https://github.com/briandinhtran/react-routing","2017-06-19T16:23:47Z","2017-05-30T15:42:17Z",0
"mahburg/react-routing","https://github.com/mahburg/react-routing","2017-06-19T16:32:36Z","2017-05-30T15:42:17Z",0
"bethtelford/react-routing","https://github.com/bethtelford/react-routing","2017-06-19T16:46:11Z","2018-08-28T20:30:00Z",17
"erpatterson11/react-routing","https://github.com/erpatterson11/react-routing","2017-06-19T17:00:35Z","2017-05-30T15:42:17Z",0
"ashlyndanielle/react-routing","https://github.com/ashlyndanielle/react-routing","2017-06-19T18:10:31Z","2017-06-19T20:09:45Z",1
"AlexHill5/react-routing","https://github.com/AlexHill5/react-routing","2017-06-19T18:10:33Z","2017-06-19T20:42:15Z",1
"jesspoemape/react-routing","https://github.com/jesspoemape/react-routing","2017-06-19T18:10:37Z","2017-06-19T20:10:52Z",1
"ehuntsman/react-routing","https://github.com/ehuntsman/react-routing","2017-06-19T18:11:02Z","2017-05-30T15:42:17Z",0
"Nephaelin/react-routing","https://github.com/Nephaelin/react-routing","2017-06-19T18:11:11Z","2017-05-30T15:42:17Z",0
"dontimoteo21/react-routing","https://github.com/dontimoteo21/react-routing","2017-06-19T18:11:39Z","2017-05-30T15:42:17Z",0
"ivorjanderson/react-routing","https://github.com/ivorjanderson/react-routing","2017-06-19T18:11:42Z","2017-05-30T15:42:17Z",0
"robinsonnathan/react-routing","https://github.com/robinsonnathan/react-routing","2017-06-19T18:12:14Z","2017-06-19T21:51:20Z",1
"jesse10e/react-routing","https://github.com/jesse10e/react-routing","2017-06-19T18:12:19Z","2017-05-30T15:42:17Z",0
"nturner5/react-routing","https://github.com/nturner5/react-routing","2017-06-19T18:12:50Z","2017-06-19T22:39:05Z",1
"pchiarato/react-routing","https://github.com/pchiarato/react-routing","2017-06-19T18:13:38Z","2017-06-19T21:03:47Z",1
"joej326/react-routing","https://github.com/joej326/react-routing","2017-06-19T18:14:14Z","2017-05-30T15:42:17Z",0
"iAmYeko/react-routing","https://github.com/iAmYeko/react-routing","2017-06-19T18:19:19Z","2017-05-30T15:42:17Z",0
"black-penguin/react-routing","https://github.com/black-penguin/react-routing","2017-06-19T18:21:34Z","2017-06-19T21:09:57Z",1
"MeganMFisher/react-routing-original","https://github.com/MeganMFisher/react-routing-original","2017-06-27T02:17:24Z","2017-05-30T15:42:17Z",0
"jaydray1/react-routing","https://github.com/jaydray1/react-routing","2017-07-01T21:15:05Z","2017-05-30T15:42:17Z",0
"box-space/react-routing","https://github.com/box-space/react-routing","2017-07-05T15:34:15Z","2017-05-30T15:42:17Z",0
"KScarabello/react-routing","https://github.com/KScarabello/react-routing","2017-07-07T01:26:46Z","2017-07-07T20:46:50Z",1
"daveguymon/react-routing","https://github.com/daveguymon/react-routing","2017-07-07T16:27:23Z","2017-07-07T20:08:22Z",1
"tjhartman/react-routing","https://github.com/tjhartman/react-routing","2017-07-07T16:44:26Z","2017-05-30T15:42:17Z",0
"Yzhou2/react-routing","https://github.com/Yzhou2/react-routing","2017-07-07T18:28:16Z","2017-07-07T20:37:34Z",1
"cmwilson88/react-routing","https://github.com/cmwilson88/react-routing","2017-07-07T19:20:46Z","2017-05-30T15:42:17Z",0
"carter-t/react-routing","https://github.com/carter-t/react-routing","2017-07-07T19:22:02Z","2017-05-30T15:42:17Z",0
"ashleyschuette/react-routing","https://github.com/ashleyschuette/react-routing","2017-07-07T19:25:14Z","2017-05-30T15:42:17Z",0
"ttluan411-zz/react-routing","https://github.com/ttluan411-zz/react-routing","2017-07-07T19:27:03Z","2017-07-07T20:57:47Z",1
"fieldsmatt86/react-routing","https://github.com/fieldsmatt86/react-routing","2017-07-07T19:31:09Z","2017-05-30T15:42:17Z",0
"murffious/react-routing","https://github.com/murffious/react-routing","2017-07-07T19:32:56Z","2017-05-30T15:42:17Z",0
"huyqdang/react-routing","https://github.com/huyqdang/react-routing","2017-07-07T19:37:57Z","2017-07-22T03:00:04Z",1
"claytonpabst/react-routing","https://github.com/claytonpabst/react-routing","2017-07-07T19:39:10Z","2017-05-30T15:42:17Z",0
"kellaisene/react-routing","https://github.com/kellaisene/react-routing","2017-07-07T19:41:17Z","2017-05-30T15:42:17Z",0
"JacobLian/react-routing","https://github.com/JacobLian/react-routing","2017-07-07T20:09:06Z","2017-05-30T15:42:17Z",0
"sargent88/react-routing","https://github.com/sargent88/react-routing","2017-07-07T20:38:21Z","2017-05-30T15:42:17Z",0
"Dallin11/react-routing","https://github.com/Dallin11/react-routing","2017-07-12T20:47:50Z","2017-05-30T15:42:17Z",0
"stence299/react-routing","https://github.com/stence299/react-routing","2017-07-26T04:27:50Z","2017-05-30T15:42:17Z",0
"janises/react-routing","https://github.com/janises/react-routing","2017-08-02T23:12:16Z","2017-08-03T17:49:52Z",1
"andiplatter/react-routing","https://github.com/andiplatter/react-routing","2017-08-03T15:54:15Z","2017-05-30T15:42:17Z",0
"Johnivie141/react-routing","https://github.com/Johnivie141/react-routing","2017-08-03T16:07:37Z","2017-05-30T15:42:17Z",0
"ClassyFD/react-routing","https://github.com/ClassyFD/react-routing","2017-08-03T16:13:17Z","2017-08-03T19:49:36Z",1
"emkeator/react-routing","https://github.com/emkeator/react-routing","2017-08-03T16:13:28Z","2017-08-03T17:54:00Z",1
"FreeFlight-Code/react-routing","https://github.com/FreeFlight-Code/react-routing","2017-08-03T17:09:33Z","2017-05-30T15:42:17Z",0
"kikoro86us/react-routing","https://github.com/kikoro86us/react-routing","2017-08-03T17:10:47Z","2017-05-30T15:42:17Z",0
"CharlesMurphy94/react-routing","https://github.com/CharlesMurphy94/react-routing","2017-08-03T17:11:18Z","2017-08-03T19:52:36Z",1
"niraj154/react-routing","https://github.com/niraj154/react-routing","2017-08-03T17:12:24Z","2017-05-30T15:42:17Z",0
"seanqureshi/react-routing","https://github.com/seanqureshi/react-routing","2017-08-03T17:12:29Z","2017-05-30T15:42:17Z",0
"kevbir007/react-routing","https://github.com/kevbir007/react-routing","2017-08-03T17:12:37Z","2017-05-30T15:42:17Z",0
"Chris502/react-routing","https://github.com/Chris502/react-routing","2017-08-03T17:14:38Z","2017-05-30T15:42:17Z",0
"kepugmire/react-routing","https://github.com/kepugmire/react-routing","2017-08-03T17:28:26Z","2017-05-30T15:42:17Z",0
"yabbbs/react-routing","https://github.com/yabbbs/react-routing","2017-08-08T21:36:44Z","2017-08-08T22:47:09Z",1
"Rhayme/react-routing","https://github.com/Rhayme/react-routing","2017-08-08T23:57:42Z","2017-05-30T15:42:17Z",0
"elderlowell/react-routing","https://github.com/elderlowell/react-routing","2017-08-09T00:03:55Z","2017-08-09T01:06:47Z",1
"jboucher8/react-routing","https://github.com/jboucher8/react-routing","2017-08-09T00:12:17Z","2017-05-30T15:42:17Z",0
"DavidGonsalves/react-routing","https://github.com/DavidGonsalves/react-routing","2017-08-11T00:05:11Z","2017-05-30T15:42:17Z",0
"StuartJFerrin/react-routing","https://github.com/StuartJFerrin/react-routing","2017-08-11T02:03:26Z","2017-09-10T02:53:29Z",1
"ryand825/react-routing","https://github.com/ryand825/react-routing","2017-08-12T16:47:27Z","2017-08-12T17:01:15Z",1
"missyjeanbeutler/react-routing","https://github.com/missyjeanbeutler/react-routing","2017-08-22T01:54:26Z","2017-05-30T15:42:17Z",0
"ShawnKoga/react-routing","https://github.com/ShawnKoga/react-routing","2017-08-22T15:56:42Z","2017-08-23T14:35:20Z",1
"keithdidier/react-routing","https://github.com/keithdidier/react-routing","2017-08-22T16:00:20Z","2017-09-19T18:29:06Z",1
"Caccavella/react-routing","https://github.com/Caccavella/react-routing","2017-08-22T16:03:57Z","2017-05-30T15:42:17Z",0
"CoquiFrog/react-routing","https://github.com/CoquiFrog/react-routing","2017-08-22T16:06:24Z","2017-05-30T15:42:17Z",0
"dan-valentine/react-routing","https://github.com/dan-valentine/react-routing","2017-08-22T19:31:35Z","2017-08-23T00:07:09Z",1
"juan2898/react-routing","https://github.com/juan2898/react-routing","2017-08-22T19:32:38Z","2017-08-22T21:06:55Z",1
"marissafisch/react-routing","https://github.com/marissafisch/react-routing","2017-08-22T19:32:52Z","2017-08-22T17:22:28Z",0
"BenAhlander/react-routing","https://github.com/BenAhlander/react-routing","2017-08-22T19:35:12Z","2017-08-22T17:22:28Z",0
"AlexElls21/react-routing","https://github.com/AlexElls21/react-routing","2017-08-22T20:07:26Z","2017-08-22T21:06:33Z",1
"BlakeMAdams/react-routing","https://github.com/BlakeMAdams/react-routing","2017-08-22T20:07:30Z","2017-08-22T21:07:14Z",1
"kswensen/react-routing","https://github.com/kswensen/react-routing","2017-08-22T20:07:31Z","2017-08-22T20:54:06Z",1
"1VinceP/react-routing","https://github.com/1VinceP/react-routing","2017-08-22T20:07:33Z","2017-08-22T17:22:28Z",0
"Sam-Montoya/react-routing","https://github.com/Sam-Montoya/react-routing","2017-08-22T20:07:35Z","2017-08-22T17:22:28Z",0
"alecjacksn/react-routing","https://github.com/alecjacksn/react-routing","2017-08-22T20:07:39Z","2017-08-22T17:22:28Z",0
"sethlloyds/react-routing","https://github.com/sethlloyds/react-routing","2017-08-22T20:07:40Z","2017-08-22T17:22:28Z",0
"anthony-montoya/react-routing","https://github.com/anthony-montoya/react-routing","2017-08-22T20:07:55Z","2017-08-22T21:01:12Z",1
"taylormckay68/react-routing-1","https://github.com/taylormckay68/react-routing-1","2017-08-22T20:08:14Z","2017-08-22T17:22:28Z",0
"james-carlson/react-routing","https://github.com/james-carlson/react-routing","2017-08-22T20:08:14Z","2017-08-22T17:22:28Z",0
"chanstolworthy/react-routing","https://github.com/chanstolworthy/react-routing","2017-08-22T20:08:15Z","2017-08-22T17:22:28Z",0
"tb-44/react-routing","https://github.com/tb-44/react-routing","2017-08-22T21:30:22Z","2017-08-22T17:22:28Z",0
"joshwilcken/react-routing","https://github.com/joshwilcken/react-routing","2017-08-28T05:13:58Z","2017-08-22T17:22:28Z",0
"IanGirard/react-routing","https://github.com/IanGirard/react-routing","2017-09-05T20:34:42Z","2017-08-22T17:22:28Z",0
"hboyle2/react-routing","https://github.com/hboyle2/react-routing","2017-09-05T20:40:58Z","2017-08-22T17:22:28Z",0
"rachelnoble77/react-routing","https://github.com/rachelnoble77/react-routing","2017-09-05T20:40:59Z","2017-08-22T17:22:28Z",0
